word, BSP, DPS, GERB, ITN, PP-DB, Vuzrazhdane
правляващите, 1.0, 0, 0, 0, 0, 0
продължават, 0.4401492791472115, 0, 0.38562396049689657, 0, 0, 0.1742267603558919
да, 0.20341078915635702, 0.2343296760471051, 0.12929137329415405, 0.10718404141727877, 0.08407963183115219, 0.24170448825395277
крият, 0.3684379094482457, 0, 0, 0.6315620905517543, 0, 0
какво, 0.2654782938401155, 0.19187290656024078, 0.10660423968775314, 0.17065225437665796, 0.020192190556573814, 0.2452001149786587
договориха, 1.0, 0, 0, 0, 0, 0
за, 0.15238482492687225, 0.14430372111272177, 0.1845111490636313, 0.18174704599810088, 0.22077501156175017, 0.1162782473369237
мигрантите, 0.3031373386331093, 0.3286361461560763, 0.022132078561444023, 0, 0.046113049906662186, 0.2999813867427084
подписахте, 1.0, 0, 0, 0, 0, 0
с, 0.1485905996560057, 0.16108949905729808, 0.1895023286993495, 0.16824767756213452, 0.1965882644629768, 0.1359816305622354
австрия, 0.1910148392896036, 0, 0.027892013887974205, 0.32743028916001204, 0, 0.4536628576624102
и, 0.15443724733480924, 0.14443553632442085, 0.16282408511573504, 0.17884550647991246, 0.1998952727259474, 0.15956235201917507
румъния, 0.053881753321818264, 0.46731271943365055, 0.07867821251740582, 0, 0.22950077926180767, 0.1706265354653177
не, 0.23959336362770417, 0.27325993775369406, 0.08574470359749727, 0.128195914711892, 0.06488791385462883, 0.20831816645458368
се, 0.22555822622424637, 0.17202496957282362, 0.12446760867169329, 0.1292557323491939, 0.06942148214023246, 0.2792719810418103
правете, 1.0, 0, 0, 0, 0, 0
че, 0.2552719183294244, 0.21804109067368835, 0.10222342942996505, 0.10939432551927346, 0.09766784569922198, 0.2174013903484266
няма, 0.3101448000424347, 0.15638746496100284, 0.11795784685127075, 0.1730915346339356, 0.04827620678346217, 0.19414214672789393
споразумение, 0.5993359695210757, 0.11813635014068603, 0.06364736229676188, 0, 0.13261176467767313, 0.08626855336380328
вие, 0.417197847451789, 0.12922600258577646, 0.08702755539408864, 0, 0.036265061991362986, 0.3302835325769829
го, 0.3469969832440596, 0.22292450615448328, 0.06380483902960771, 0.15420970954822738, 0.03909996282346574, 0.1729639992001563
изпълнявате, 1.0, 0, 0, 0, 0, 0
ще, 0.1934465553872016, 0.1793013764285219, 0.30748362757707354, 0.09365763209016985, 0.0682885203458173, 0.15782228817121582
има, 0.19870892143091567, 0.2060573482013191, 0.13624671843557612, 0.24435724412114704, 0.03679865752979123, 0.17783111028125081
ли, 0.3237458046220851, 0.28078249692353646, 0.08698307117178332, 0.17758483320518784, 0.007879679362721777, 0.12302411471468558
засилено, 0.15832224025228545, 0, 0.1849458875683186, 0.271389893576128, 0.38534197860326797, 0
присъствие, 0.14559775504363995, 0, 0.127561228881638, 0, 0.2657788014462181, 0.46106221462850383
на, 0.14066021676384416, 0.14622780659329113, 0.17050956679874063, 0.2037127835729282, 0.20623115633896263, 0.1326584699322333
фронтекс, 0.5330147042993391, 0, 0.46698529570066094, 0, 0, 0
българската, 0.17139671808182622, 0.053089710000469706, 0.10010949220219438, 0.1259149973553103, 0.2781093815015629, 0.2713797008586366
граница, 0.13194930091931484, 0, 0.21193981170160112, 0.2827280194247726, 0.32115263535018607, 0.0522302326041253
отново, 0.11289184058073383, 0.42835761690965823, 0.0824224127567082, 0, 0.0858651577240202, 0.29046297202887944
действа, 0.26650226863274135, 0.5778389353171525, 0.15565879605010619, 0, 0, 0
парче, 1.0, 0, 0, 0, 0, 0
малко, 0.3081899474492073, 0, 0.06000258637047289, 0, 0.06250886585615607, 0.5692986003241637
панически, 1.0, 0, 0, 0, 0, 0
направим, 0.05811744825986026, 0.5040486086383963, 0.11880845237138705, 0.09962269402597036, 0.03536314997207779, 0.18403964673230833
нещо, 0.4497074630927388, 0.22501625308210402, 0.05051257496641644, 0.1778933614535616, 0.0420979689525989, 0.05477237845258023
успокоим, 1.0, 0, 0, 0, 0, 0
общественото, 0.13178116106757917, 0.5714644471645062, 0.1924270380427108, 0, 0, 0.10432735372520384
мнение, 0.1786836101940773, 0, 0.20873124855102623, 0.6125851412548966, 0, 0
виждам, 0.6363803999798836, 0, 0, 0.36361960002011634, 0, 0
цялостна, 0.3604350815842186, 0, 0.10526156332826138, 0.26479026466989386, 0.1879856378552983, 0.08152745256232798
стратегия, 0.25860895186573796, 0.1752263711677742, 0.1321674052307606, 0.19394266350777448, 0.13768797486688614, 0.1023666333610665
последният, 1.0, 0, 0, 0, 0, 0
план, 0.10330555526486301, 0.26878858047782606, 0.19911793191494934, 0.21249889039830663, 0.15086181323497375, 0.06542722870908116
по, 0.13023004175007633, 0.20393319262745888, 0.1994589047765522, 0.15130394427028365, 0.155842656250424, 0.15923126032520485
стратегията, 0.4112592016603015, 0, 0.12010425375250557, 0.23498823410815023, 0.12512095129058573, 0.10852735918845699
управление, 0.10526548813405849, 0.07207581293111796, 0.22651825349114219, 0.2849085003014478, 0.2191241122297126, 0.09210783291252106
миграцията, 0.20678140504436815, 0.4483502055994992, 0.18116550031575207, 0, 0, 0.16370288904038066
е, 0.2319751588262153, 0.2191651460556284, 0.14377461966242078, 0.1383647684677841, 0.060619977388068104, 0.20610032959988334
от, 0.14219891200371984, 0.20554688792967393, 0.1640663121074839, 0.15788475636121452, 0.1294594767851857, 0.20084365481272204
2022, 0.15760392268073758, 0.34172197989482994, 0.18410677690001231, 0, 0.19179682937993037, 0.12477049114448989
г, 0.13792774405666441, 0.170891111917125, 0.3567697659489625, 0.10132732833208385, 0.1238906231115969, 0.1091934266335672
вигенин, 1.0, 0, 0, 0, 0, 0
който, 0.17787826968215206, 0.16873564845142522, 0.1493494082662471, 0.14292754073596645, 0.1014702143443065, 0.25963891851990273
депутат, 0.35701086073951277, 0, 0.20852310580555164, 0, 0.4344660334549356, 0
бсп, 0.975589740081051, 0.019230050754332883, 0.005180209164616047, 0, 0, 0
ямбол, 0.5581381136687716, 0, 0, 0, 0, 0.44186188633122836
предложи, 0.1977920930834994, 0.42885928539326124, 0, 0, 0.06017600273611683, 0.31317261878712255
молбата, 1.0, 0, 0, 0, 0, 0
хората, 0.24936654809737516, 0.3317837966155911, 0.15558084705688502, 0.1262933878833537, 0.05172746330388448, 0.08524795704291059
общините, 0.09218761652697982, 0.1998842053265413, 0.18845748351518746, 0.07901223289421208, 0.2944938944107741, 0.14596456732630528
елхово, 0.5581381136687716, 0, 0, 0, 0, 0.44186188633122836
болярово, 1.0, 0, 0, 0, 0, 0
както, 0.2371054992048208, 0.17672184006325423, 0.13416094198575948, 0.209569142720815, 0.11045926216904553, 0.13198331385630496
кметовете, 0.4560882974994029, 0, 0.26639231120067713, 0, 0.27751939129992, 0
при, 0.1036564215517493, 0.07725823994986047, 0.1693331649274729, 0.17768385015639276, 0.22075404060750897, 0.25131428280701557
новите, 0.32969922005785957, 0.10997917421146974, 0.2073840539537605, 0.1738946829163179, 0.13888696321397961, 0.04015590564661277
назначения, 0.39856596743888845, 0, 0.1163973180348026, 0, 0.48503671452630887, 0
дава, 0.2698246979225654, 0.2925213675848844, 0.23639904364804773, 0, 0.04104555320521745, 0.1602093376392852
приоритет, 0.15775822575997678, 0.07601256552844765, 0.2508351211176383, 0.21032906349083816, 0.2773111022246879, 0.027753921878411265
местните, 0.2331495378511043, 0.12638061339285045, 0.30640075685808443, 0.0999139921275546, 0.14186620919906598, 0.09228889057134025
хора, 0.2576338256644675, 0.05778725040143907, 0.19458479852168878, 0.10659937756472196, 0.22163234752446004, 0.16176240032322248
атанас, 0.5545786172222825, 0, 0.10797286431473131, 0, 0.3374485184629862, 0
зафиров, 1.0, 0, 0, 0, 0, 0
към, 0.14710792635142372, 0.15357536391500257, 0.2052602156444987, 0.18212042918512159, 0.14587114475437216, 0.16606492014958127
управляващите, 0.4944879907905133, 0, 0, 0.21190807270896603, 0, 0.29360393650052075
спрете, 1.0, 0, 0, 0, 0, 0
този, 0.23377405219133385, 0.2764781159944507, 0.1448182069608581, 0.06071613438896099, 0.09914129928653495, 0.1850721911778613
театър, 0.8725850128348968, 0, 0.1274149871651032, 0, 0, 0
пред, 0.21427032539286217, 0.2973362736887052, 0.10012090644040333, 0.10284230566358782, 0.08865747270830536, 0.19677271610613614
камерите, 1.0, 0, 0, 0, 0, 0
чутовни, 1.0, 0, 0, 0, 0, 0
борци, 1.0, 0, 0, 0, 0, 0
срещу, 0.3170395168949662, 0.14222388618970436, 0.08939560996753118, 0.03747978919555878, 0.29269309791778547, 0.12116809983445401
мафията, 0.8983951958929006, 0, 0, 0, 0, 0.10160480410709935
във, 0.1313131772310697, 0.1561354173312135, 0.13360205314344634, 0.28318025402001196, 0.13145018359920274, 0.16431891467505583
властта, 0.20403221304295205, 0.5630409496529153, 0.05416875026761687, 0.06358984917618105, 0.056431353194807216, 0.05873688466552757
после, 1.0, 0, 0, 0, 0, 0
тичате, 1.0, 0, 0, 0, 0, 0
делите, 1.0, 0, 0, 0, 0, 0
регулатори, 0.3203963615824558, 0.3473469351801804, 0, 0.13730277934022936, 0.19495392389713445, 0
министерства, 0.39033113447969264, 0, 0.18998735847445525, 0, 0.31667686407835927, 0.10300464296749288
предупредихме, 1.0, 0, 0, 0, 0, 0
стане, 0.3534677470095281, 0.22992009897192142, 0.0722587746757758, 0, 0.06452313369936889, 0.27983024564340575
така, 0.2362927256975524, 0.20223853273581133, 0.0962465976599438, 0.12790860006252924, 0.10594224992836172, 0.23137129391580144
още, 0.26780854565893747, 0.19865069006751027, 0.13583995561831824, 0.14496855990337182, 0.06861281257545135, 0.18411943617641097
като, 0.24452752321662657, 0.18270149494977966, 0.13172598102452227, 0.15860095746945918, 0.1045547524430983, 0.17788929089651406
сгазихте, 1.0, 0, 0, 0, 0, 0
паритетния, 1.0, 0, 0, 0, 0, 0
принцип, 0.29846202866017846, 0, 0.058108623597920586, 0.25580606384020593, 0.15133948289917928, 0.23628380100251584
създаването, 0.11196917030230451, 0.24277521721584236, 0.14387783613808416, 0.19193324427274275, 0.14988754490181863, 0.1595569871692075
комисията, 0.3632627098526167, 0.225039453915951, 0.060621339822149706, 0.08895585178501556, 0.221037125207953, 0.04108351941631398
дадохте, 1.0, 0, 0, 0, 0, 0
опозицията, 0.3744539750678137, 0, 0, 0.42791639919898566, 0, 0.19762962573320064
няколко, 0.22458751597742857, 0.06956542824393676, 0.24361480663436635, 0.21998815999757967, 0.039044689416087484, 0.20319939973060133
символични, 1.0, 0, 0, 0, 0, 0
места, 0.04533782621494858, 0.03276765255326035, 0.34425226188356206, 0.15543271509853795, 0.26667471634149686, 0.15553482790819426
в, 0.1753966582054204, 0.1765445114962015, 0.16779295646904724, 0.1763021929083876, 0.15347523587342235, 0.1504884450475208
нея, 0.228288627986356, 0.18561857618147923, 0.13333895117139372, 0.19566179190975377, 0.1215448987585711, 0.1355471539924463
същото, 0.16032225472758946, 0.2607119672603066, 0.07023083502900361, 0.20611368108677947, 0.04877622906328746, 0.2538450328330335
време, 0.08450529043717381, 0.2977440937793081, 0.15732829960435282, 0.10864178845855485, 0.10926655188522685, 0.2425139758353835
опитвате, 1.0, 0, 0, 0, 0, 0
запълните, 1.0, 0, 0, 0, 0, 0
тази, 0.28305785675542455, 0.23712500341906992, 0.15593492326422767, 0.1323291514910538, 0.02348649409458868, 0.1680665709756354
дупка, 1.0, 0, 0, 0, 0, 0
бъдете, 0.26650226863274135, 0.5778389353171525, 0.15565879605010619, 0, 0, 0
опозиция, 0.7912078392114585, 0, 0, 0, 0, 0.20879216078854151
която, 0.22816074751228146, 0.16490186506360446, 0.10312115254353517, 0.13968013429657752, 0.11899769430356093, 0.24513840628044048
търси, 0.11359933227510177, 0.49261957544566826, 0.19905348706512904, 0.19472760521410087, 0, 0
истината, 0.4772577438282174, 0, 0.03484462167574744, 0.20452421608538532, 0, 0.28337341841064995
ръководство, 0.3644411212909941, 0, 0.035477162766346916, 0.20823698334974325, 0.2956722158110021, 0.0961725167819136
което, 0.29950772121770575, 0.19482073113554343, 0.12245564764664024, 0.1848256609084852, 0.06560771749147137, 0.1327825216001541
проваля, 1.0, 0, 0, 0, 0, 0
заседанията, 1.0, 0, 0, 0, 0, 0
очакват, 0.07848257918926584, 0.8508424756069399, 0.022920074658620317, 0, 0.04775487054517408, 0
реални, 0.1733304966943053, 0, 0.07592923103231634, 0.29711646940067776, 0.316403035552865, 0.13722076731983562
разкрития, 1.0, 0, 0, 0, 0, 0
срастването, 1.0, 0, 0, 0, 0, 0
престъпност, 0.2931798306446795, 0, 0.19978074851494107, 0.25127879352432997, 0.1783932817132446, 0.07736734560280475
държава, 0.35472159957349336, 0.1736720263973137, 0.03341709562043873, 0.11768711996739999, 0.04873807652824075, 0.2717640819131135
резултати, 0.04559727351285164, 0.34602924921885514, 0.17311112875265158, 0.15632218425276828, 0.15259699081911907, 0.1263431734437544
работата, 0.07548350109280115, 0.2045822448775427, 0.18186484009454973, 0.09704318528947072, 0.32150999650548834, 0.11951623214014744
нотариуса, 0.5520887108431247, 0, 0, 0, 0.4479112891568753, 0
тя, 0.27229996742895524, 0.17364991043292882, 0.13097833349809773, 0.1372841555216548, 0.019492748024809468, 0.2662948850935539
може, 0.2632862910220562, 0.1248769260105831, 0.1201409422072205, 0.14103600982296657, 0.09011460398731133, 0.26054522694986226
бъде, 0.15661741932260667, 0.3112844267942263, 0.1473799188489365, 0.11186148130125723, 0.031766049918898316, 0.241090703814075
параван, 1.0, 0, 0, 0, 0, 0
пазите, 1.0, 0, 0, 0, 0, 0
сглобката, 0.5581381136687716, 0, 0, 0, 0, 0.44186188633122836
докато, 0.18393000812383448, 0, 0.05371497167533853, 0.15764287206472632, 0.16787586145986147, 0.43683628667623936
си, 0.2905846959380122, 0.2547031828805436, 0.10923781773389993, 0.08478452884586388, 0.05266805989192192, 0.2080217147097584
държавата, 0.20857242790050498, 0.2612905012957844, 0.0825689912572909, 0.10328552927781835, 0.08742798757061981, 0.2568545626979815
ако, 0.20933834595318515, 0.22694712425382543, 0.1337333153025191, 0.11213741855516386, 0.07961102414705137, 0.23823277178825505
подигравка, 0.7164167396619121, 0, 0, 0, 0, 0.28358326033808784
българското, 0.21153994301214904, 0.2501824490500086, 0.10670777388594804, 0.1318595026761649, 0.11701569140373869, 0.18269463997199065
общество, 0.5124100679573668, 0.13070873749398176, 0.06455247825074602, 0.1033357207120115, 0.08558938761621554, 0.10340360796967843
продължава, 0.2462059496905507, 0.26691589637833546, 0.1977306520522494, 0.10550919185114856, 0.037452684966461904, 0.14618562506125413
пг, 0.08844800967584196, 0.6712155360431236, 0.012915190900440854, 0.22742126338059365, 0, 0
българия, 0.13434688940439962, 0.23303625574336922, 0.15021286536011122, 0.1283056929991222, 0.19152162974625564, 0.1625766667467421
преосмисли, 1.0, 0, 0, 0, 0, 0
своето, 0.2181138481041346, 0.3152810528606413, 0.06369802998662766, 0, 0, 0.4029070690485964
участие, 0.16097779018953343, 0.10471119293286194, 0.15513959817841855, 0.1931593545835956, 0.28405887613059333, 0.1019531879849971
псевдокомисия, 1.0, 0, 0, 0, 0, 0
потърси, 0.5581381136687716, 0, 0, 0, 0, 0.44186188633122836
други, 0.07859162147290862, 0.07303068178595108, 0.18689420081248403, 0.2309464013234249, 0.25276930731697167, 0.17776778728825984
начини, 0.49922597343873587, 0, 0.07289704735075275, 0.4278769792105113, 0, 0
стигане, 1.0, 0, 0, 0, 0, 0
до, 0.1297706480610899, 0.1616397875562833, 0.20481185600918958, 0.1041245267597635, 0.23352738756848349, 0.16612579404519012
осветляването, 1.0, 0, 0, 0, 0, 0
ѝ, 0.06159988569354908, 0, 0.17989648067678773, 0.2111843086105221, 0.4497856106077558, 0.09753371441138531
българските, 0.151500604239272, 0.19410687945368504, 0.10457738762176078, 0.129848253775646, 0.2891246899637737, 0.1308421849458626
граждани, 0.21269718900358192, 0.3320474413441844, 0.11926300287071188, 0.07291946778373155, 0.15530570219961945, 0.10776719679817091
повече, 0.12664297146226597, 0.196136737732622, 0.19284957114499288, 0.06202471706265689, 0.2146654091304109, 0.20768059346705123
прочетете, 1.0, 0, 0, 0, 0, 0
тук, 0.36316993684618376, 0.0984296169048702, 0.11931778263789339, 0.3112659672882319, 0, 0.10781669632282072
подписвате, 1.0, 0, 0, 0, 0, 0
празен, 1.0, 0, 0, 0, 0, 0
чек, 1.0, 0, 0, 0, 0, 0
строеж, 0.20897487034787707, 0, 0.24411632133536912, 0, 0.38146941590404526, 0.16543939241270855
аец, 0.41319476653676274, 0, 0.2011158611122089, 0, 0.16761309995790172, 0.21807627239312674
козлодуй, 0.363206660079675, 0, 0.10607097589719457, 0, 0.14733534679436397, 0.3833870172287665
това, 0.330393522224446, 0.2320062064733857, 0.11622444419564237, 0.09975445358981178, 0.05368600891431043, 0.16793536460240374
слугинаж, 1.0, 0, 0, 0, 0, 0
христо, 0.36432603483243653, 0.26331454156838535, 0.035465959472360815, 0.10408561221155868, 0.18473677863064739, 0.04807107328461124
проданов, 1.0, 0, 0, 0, 0, 0
само, 0.1832549389070509, 0.248337095151492, 0.10369078452319964, 0.1766973186269933, 0.05226866093249676, 0.23575120185876738
едната, 0.5581381136687716, 0, 0, 0, 0, 0.44186188633122836
страна, 0.12400922371475083, 0.1493782526765216, 0.17705447868740226, 0.16533365383959941, 0.10060906910520123, 0.28361532197652456
печалба, 0.36993532806631085, 0, 0.05401800900103904, 0.31706445397053695, 0.11254863107448312, 0.14643357788762998
а, 0.17234321368876776, 0.19876605996553834, 0.1285050917777039, 0.17599734025309585, 0.08924845888219235, 0.23513983543270175
другата, 0.9112889703205965, 0, 0.08871102967940356, 0, 0, 0
принудена, 0.5581381136687716, 0, 0, 0, 0, 0.44186188633122836
нарушава, 0.25253137859250613, 0.5475467945871701, 0, 0, 0, 0.19992182682032375
националното, 0.20150727436789145, 0.21845733148310342, 0.08827236223269111, 0.17270800886336074, 0, 0.31905502305295325
законодателство, 0.1149908168435452, 0.1662179000502025, 0.1791037372003367, 0.13140855635389806, 0.25655412075185824, 0.1517248688001593
подписва, 1.0, 0, 0, 0, 0, 0
неизгодни, 0.2726984680908695, 0, 0.07963893787003595, 0, 0, 0.6476625940390945
споразумения, 0.20432721093817352, 0, 0.2983588828163235, 0, 0.4973139062455029, 0
сътрудничество, 0.16618557096422035, 0.10295114010923927, 0.3951963185112643, 0.08139111787994543, 0.21668604248194068, 0.037589810053389884
борислав, 0.8679656446497812, 0, 0, 0, 0.13203435535021885, 0
гуцанов, 1.0, 0, 0, 0, 0, 0
правите, 1.0, 0, 0, 0, 0, 0
експериментално, 1.0, 0, 0, 0, 0, 0
площадка, 0.2665597875042703, 0, 0.3113847834103523, 0, 0, 0.42205542908537735
защо, 0.4783664855496174, 0.09019216172710699, 0.09111018518438267, 0.17826031016239496, 0.06327720951511855, 0.09879364786137944
великобритания, 0.20222973760528468, 0.4384811313870682, 0.23623691942786063, 0, 0.12305221157978653, 0
най-големият, 0.6953810720856095, 0, 0.30461892791439044, 0, 0, 0
съюзник, 0.5581381136687716, 0, 0, 0, 0, 0.44186188633122836
сащ, 0.11755043426685599, 0.1274383481448607, 0.17164731061221786, 0, 0.07152677484521919, 0.5118371321308461
отказа, 0.6217059941749944, 0, 0, 0, 0.3782940058250057, 0
технология, 0.2648374970538198, 0, 0.15468643532311188, 0, 0.16114761413247325, 0.419328453490595
раболепно, 1.0, 0, 0, 0, 0, 0
съгласихте, 1.0, 0, 0, 0, 0, 0
пп-дб, 0.3912562055835768, 0.1590627190744958, 0.007141410819493837, 0.08383454199574605, 0.22319112455414833, 0.13551399797253905
вчера, 0.16533480559232352, 0.5377264996156171, 0, 0, 0.10060248171294574, 0.19633621307911364
говорихте, 1.0, 0, 0, 0, 0, 0
170, 1.0, 0, 0, 0, 0, 0
млн, 0.06322476574019667, 0.4112580148952237, 0.36005148068741166, 0, 0.11541251068816814, 0.05005322798899981
лв, 0.16543294886921134, 0.2562122360999931, 0.37270094336374465, 0, 0.18694408510590382, 0.018709786561146982
висше, 0.14720856364600604, 0.15959121121778874, 0.15046790719712563, 0.12616962834066373, 0.35829229735699253, 0.05827039224142336
образование, 0.12579697747211943, 0.18183808065758647, 0.1857299127327677, 0.15573735620937013, 0.26790613314118883, 0.08299153978696736
са, 0.19514467326577467, 0.2714348707035473, 0.1543033992876037, 0.1293857467846133, 0.06609175019495317, 0.183639559763508
много, 0.2020015181767112, 0.12166286071046699, 0.2130287632430952, 0.13465792334175095, 0.08877074933302094, 0.23987818519495469
пари, 0.3499935066235647, 0.07588673682698661, 0.05110610140945514, 0.17998362143602992, 0.14907418106261835, 0.19395585264134527
как, 0.2987889153805468, 0.17048523652432293, 0.11022113619447944, 0.2156515639246817, 0.1052562688963341, 0.0995968790796351
изплащат, 0.5261724442573099, 0, 0.15366354967263524, 0, 0.32016400607005474, 0
30, 0.06186205901483525, 0.13413133967320987, 0.32519183829650006, 0.10604156172678927, 0.2258499644452634, 0.1469232368434021
млрд, 0.36248579639970047, 0.13099225992446192, 0.414620114100243, 0, 0.0919018295755945, 0
въобще, 0.10794927986176923, 0.2340591592844499, 0.0315255382702108, 0.3700850054499189, 0, 0.25638101713365125
централа, 0.34773082898836566, 0.3769806783080088, 0, 0, 0, 0.27528849270362565
заработи, 0.5739542680479229, 0, 0.2514266505417945, 0, 0.17461908141028246, 0
или, 0.09769127368584217, 0.11213863135731839, 0.16446583232904005, 0.21671115938894586, 0.12238249421333114, 0.2866106090255225
всички, 0.13378488367628188, 0.2308774216049641, 0.1706347575496678, 0.14976581282406687, 0.1744394342993935, 0.1404976900456258
разбирате, 1.0, 0, 0, 0, 0, 0
поредната, 0.7739696764445371, 0, 0.22603032355546293, 0, 0, 0
черна, 1.0, 0, 0, 0, 0, 0
крадене, 1.0, 0, 0, 0, 0, 0
румен, 0.6953810720856095, 0, 0.30461892791439044, 0, 0, 0
гечев, 1.0, 0, 0, 0, 0, 0
никъде, 1.0, 0, 0, 0, 0, 0
договора, 0.2790660984493545, 0, 0.10866472325829492, 0.15945479009180097, 0.4528143882005497, 0
таван, 0.6217059941749944, 0, 0, 0, 0.3782940058250057, 0
цената, 0.26206688592342237, 0.18940733115303726, 0.22960226280656573, 0, 0.31892352011697456, 0
освен, 0.36221658899503345, 0, 0.22331720776514308, 0.0689886380405956, 0.12244476909864464, 0.22303279610058313
пазарно, 0.7739696764445371, 0, 0.22603032355546293, 0, 0, 0
нарушение, 0.09030911499288559, 0.783244707441296, 0, 0, 0.05495104952060933, 0.071495128045209
всякакви, 0.20418183566776948, 0.4427137342532575, 0.02981466056405733, 0, 0, 0.3232897695149157
европейски, 0.10397263665131144, 0.14089804463237185, 0.11007021869446965, 0.20050413065465833, 0.30050871556937514, 0.14404625379781358
принципи, 0.22280343494303712, 0.24154484742849952, 0.09760136738325831, 0.09548026923007387, 0.033892710021245366, 0.308677370993886
колкото, 0.35207801766929253, 0, 0.20564192803039083, 0.1207037186860222, 0.04284629870547926, 0.2787300369088151
искат, 0.2841857916087007, 0.30809046410357493, 0.1348647610119225, 0.06089254391678844, 0.04323015320483847, 0.16873628615417516
толкова, 0.2633356830430365, 0.09516217347871693, 0.14099181703276956, 0.150466632445248, 0.1068225295647536, 0.24322116443547534
струва, 0.8725850128348968, 0, 0.1274149871651032, 0, 0, 0
внесохме, 0.31563338065941, 0.6843666193405901, 0, 0, 0, 0
искане, 0.10717964131962289, 0.6971712114745922, 0, 0, 0.1956491472057849, 0
изслушване, 0.14010506608434956, 0.6075607733777741, 0.08183264637519526, 0, 0.17050151416268103, 0
просто, 0.3430002128610169, 0.2788891050018112, 0.03756370474780029, 0.22048416361926024, 0.05217696376492593, 0.06788585000518556
провокирани, 1.0, 0, 0, 0, 0, 0
последните, 0.2054870923654503, 0.16201593982403337, 0.30005254331926257, 0.06404328520624426, 0.09093399135994333, 0.1774671479250662
събития, 0.12658909736243978, 0, 0.14787646341323646, 0.21699416080991635, 0.3081063858717102, 0.20043389254269725
мигранти, 0.3346059513250246, 0, 0.016286402801768022, 0.09559477490900253, 0.06786671239331901, 0.4856461585708858
една, 0.2328413888652513, 0.1756015008214511, 0.1448675736069689, 0.19088718543934494, 0.055439494249187087, 0.20036285701779682
последователна, 0.3791267355786745, 0, 0.11072027925568877, 0.4332563100699135, 0.07689667509572326, 0
аргументирана, 1.0, 0, 0, 0, 0, 0
принципна, 0.6217059941749944, 0, 0, 0, 0.3782940058250057, 0
политика, 0.2771728215959932, 0.13146332002408667, 0.16947991142046348, 0.1484746837274451, 0.10540836220192383, 0.16800090103008763
седем, 0.4799128834139965, 0, 0.14015389441975656, 0, 0, 0.3799332221662469
години, 0.17974828469640627, 0.30854108699705624, 0.2362218299145578, 0.012838233112552515, 0.07291517136725292, 0.1897353939121743
отношение, 0.20213907736208162, 0.11953215242251042, 0.1931981020817181, 0.12599964731413457, 0.11181549716064429, 0.2473155236589109
темата, 0.12311416141517399, 0.2669401514650679, 0.12584003101216962, 0.10551877964503474, 0.037456088353575785, 0.34113078810897796
миграция, 0.12186045094178265, 0.26422181541165607, 0.3914697667442212, 0, 0.22244796690234017, 0
имаме, 0.2732817946234691, 0.10773427732866249, 0.13785241469102816, 0.29810399765969564, 0.045350666673976366, 0.1376768490231683
сбъркана, 1.0, 0, 0, 0, 0, 0
наред, 0.2883511873047099, 0.35726427165285096, 0.16842032484655362, 0.07061150177048998, 0.05013004619635213, 0.06522266822904342
европейска, 0.23850576089725567, 0.22162971067097614, 0.08955422996818989, 0.05840534285739543, 0.31098289182456873, 0.08092206378161412
мигрантска, 0.5581381136687716, 0, 0, 0, 0, 0.44186188633122836
послушание, 1.0, 0, 0, 0, 0, 0
начело, 0.19950508269575792, 0, 0.11652704173071829, 0.6839678755735238, 0, 0
бойко, 0.29442677212442536, 0.3830314542673477, 0.0859844779350905, 0, 0.14332161387232745, 0.09323568180080893
борисов, 0.6918168079829674, 0.19355094584048374, 0.05213893589111127, 0, 0.027158377218752798, 0.0353349330666849
я, 0.19330980799234837, 0.34928387354741675, 0.13172658586734792, 0, 0.01960410609834132, 0.30607562649454567
прие, 0.19660869273751228, 0.6394400970865722, 0.08612648748221542, 0, 0, 0.07782472269370011
разви, 0.37484180569501613, 0, 0.3284067213559494, 0, 0, 0.2967514729490344
tрябва, 1.0, 0, 0, 0, 0, 0
отстраним, 1.0, 0, 0, 0, 0, 0
причините, 0.37155648625438736, 0, 0.14467928199807767, 0.21230261164701322, 0.07536123338704291, 0.19610038671347899
проблема, 0.09605587037993754, 0.4165429596983657, 0.11220873438410346, 0.16465527773124902, 0.05844781991728078, 0.15208933788906348
те, 0.21017743250353677, 0.2658329236558669, 0.1253180653914765, 0.16512744841149166, 0.053286751575990894, 0.1802573784616373
три, 0.09381203034296526, 0.20340631249192917, 0.1506829055380204, 0.16080897346050732, 0.05708249411381451, 0.3342072840527635
1️съдебната, 1.0, 0, 0, 0, 0, 0
система, 0.13913585115930086, 0.12067156127534566, 0.18149528779228125, 0.14310079409655738, 0.1806101584378453, 0.2349863472386696
онези, 0.6373212711276233, 0, 0.13959261341818077, 0, 0.09694888697843693, 0.12613722847575895
които, 0.2077870016673509, 0.15175766672418217, 0.14116590144171698, 0.17996487647092443, 0.10114694464018197, 0.2181776090556436
откраднаха, 1.0, 0, 0, 0, 0, 0
парите, 0.30623820562814424, 0, 0.035773556928562225, 0.31496505065339386, 0.1490712055269317, 0.19395198126296803
оградата, 1.0, 0, 0, 0, 0, 0
отидат, 0.41664087610883666, 0, 0, 0, 0.2535165295017049, 0.32984259438945857
затвора, 0.7164167396619121, 0, 0, 0, 0, 0.28358326033808784
2️да, 1.0, 0, 0, 0, 0, 0
направи, 0.23242051618421503, 0.16798058831640036, 0.06787615338546205, 0.19920315380716802, 0.1178521800323489, 0.21466740827440572
истинска, 1.0, 0, 0, 0, 0, 0
защита, 0.17390593673421292, 0.05656028099312994, 0.1218900936651365, 0.2533874365928987, 0.29099900703209114, 0.10325724498253072
границата, 0.10996141268731464, 0.23842193148745922, 0.28901845899513795, 0.18849162340766099, 0, 0.17410657342242725
могат, 0.16946391359893426, 0.15309883337808558, 0.14847086799719214, 0.19365901427082258, 0.11170786287301832, 0.22359950788194724
минават, 0.6485690999687633, 0, 0.09470415183928726, 0, 0, 0.25672674819194946
3️който, 1.0, 0, 0, 0, 0, 0
влязъл, 1.0, 0, 0, 0, 0, 0
нелегално, 0.6895320987312994, 0, 0.10068557472049852, 0, 0.20978232654820209, 0
той, 0.33716839773527013, 0.2349834260491578, 0.052750046992571985, 0.0825658709304313, 0.07327118847857368, 0.21926106981399493
извършил, 1.0, 0, 0, 0, 0, 0
престъпление, 0.21394978750969978, 0, 0.2499278262042113, 0.3667444950903191, 0, 0.16937789119576985
самолета, 0.39856596743888845, 0, 0.1163973180348026, 0, 0.48503671452630887, 0
обратно, 0.42137606183818366, 0.18272827183790566, 0, 0.14446132696905392, 0.05127955653799395, 0.20015478281686283
произход, 0.2111276594114566, 0, 0.4932622516944185, 0, 0.12846639531793944, 0.16714369357618544
ние, 0.345277348331953, 0.2041749926211804, 0.04125063870632298, 0.1703842697849757, 0.0318323394515243, 0.20708041110404363
сме, 0.4144311766018594, 0.18720483997382156, 0.11094471502856569, 0.07400020622325394, 0.06304299435922726, 0.15037606781327217
тези, 0.19672093627067944, 0.30623152585664354, 0.12521249297818995, 0.15563605896514235, 0.06445397044721714, 0.15174501548212754
бягат, 1.0, 0, 0, 0, 0, 0
война, 0.26693978289724757, 0, 0.058467877361097396, 0, 0.040606701854411176, 0.6339856378872438
майки, 0.5261724442573099, 0, 0.15366354967263524, 0, 0.32016400607005474, 0
деца, 0.04817932014752674, 0, 0.14422059861499348, 0.3303485485443346, 0.31514726094563583, 0.1621042717475094
им, 0.17081131191435667, 0.08465341101809129, 0.16675436338342367, 0.2509698683691872, 0.13363047215876184, 0.19318057315617934
помогнем, 0.4560882974994029, 0, 0.26639231120067713, 0, 0.27751939129992, 0
правили, 1.0, 0, 0, 0, 0, 0
но, 0.2467033360325386, 0.2547191629006395, 0.11664802917894812, 0.060412766848221854, 0.07505669409057725, 0.24646001094907455
докога, 0.5581381136687716, 0, 0, 0, 0, 0.44186188633122836
българският, 0.19263551141451496, 0.25060716981760756, 0.10126319278032742, 0.06604167659383979, 0.023442868481217707, 0.36600958091249264
народ, 0.18940599893063248, 0, 0.017019748179006006, 0.5744205360694705, 0, 0.21915371682089085
издържа, 0.4799128834139965, 0, 0.14015389441975656, 0, 0, 0.3799332221662469
млади, 0.09028502707682218, 0, 0.10546745953218353, 0.3095262402913466, 0.13734098142415774, 0.35738029167549
мъже, 0.31563338065941, 0.6843666193405901, 0, 0, 0, 0
без, 0.12119172449604151, 0.22234542072770894, 0.1442939903292722, 0.04794050581835425, 0.19853727765831566, 0.26569108097030747
документи, 0.16858347589777387, 0.2193169237724078, 0.1969326642269765, 0.11559172358775448, 0.24619013750215077, 0.05338507501293642
самоличност, 0.3207726993400675, 0, 0.09367854998230073, 0, 0.5855487506776317, 0
влезли, 0.7739696764445371, 0, 0.22603032355546293, 0, 0, 0
начин, 0.15404635568292577, 0.1252531300399219, 0.14621015939137, 0.23105279464821796, 0.17575071713972434, 0.16768684309784015
престъпили, 1.0, 0, 0, 0, 0, 0
закона, 0.0675058562360125, 0.4809247605979464, 0.10138849394356898, 0.1653084882945367, 0.14669922652596692, 0.03817317440196846
въведение, 0.5581381136687716, 0, 0, 0, 0, 0.44186188633122836
днес, 0.2178016563856671, 0.4497568333296686, 0.05754906148313682, 0.03555687814627789, 0.05048661760132411, 0.18884895305392552
всеки, 0.33612895038528234, 0.18740720159154747, 0.10096785657009671, 0.13169812933788813, 0.09934161168546558, 0.14445625042971957
български, 0.18303314621919162, 0.18798558351272318, 0.12097269633883422, 0.033026145047877396, 0.24618967762995544, 0.22879275125141824
гражданин, 0.4844905414920736, 0, 0.028298150996323254, 0.0830495047850843, 0.05896030260045202, 0.345201500126067
изправен, 0.20481754473015273, 0.44409209943440053, 0, 0.35109035583544673, 0, 0
множество, 0.2909822388592818, 0, 0.05665235697639086, 0.4987905597515949, 0, 0.1535748444127324
въпроси, 0.265191171259193, 0, 0.1659567959500293, 0.25976028791723255, 0.0691554929443025, 0.2399362519292427
какви, 0.1213202792578193, 0.35073412999884823, 0.11810136240502997, 0.20796255550666654, 0.07382064007465661, 0.12806103275697936
шансове, 0.6191688812643664, 0.33562555486568807, 0.04520556386994565, 0, 0, 0
достоен, 0.9495790310508185, 0, 0.050420968949181535, 0, 0, 0
живот, 0.3075018992803238, 0.05556130628823057, 0.12971536033958878, 0.1464188683703331, 0.23908236247889642, 0.12172020324262751
постигнахме, 0.4915600672203771, 0, 0.3588883531948327, 0, 0.14955157958479018, 0
резултат, 0.24212534998981836, 0.19686903863313987, 0.16793709502307982, 0.10376049009461732, 0.07366389371955159, 0.2156441325397932
промените, 0.28832849715980646, 0.31258163893909247, 0.07367809398856519, 0.12356040445498186, 0.08772067762417754, 0.11413068783337643
през, 0.23456590514258677, 0.13040858139943637, 0.2634718976330805, 0.11340826561972163, 0.09149233114900986, 0.16665301905616497
две, 0.1942130644985859, 0.30078508468318577, 0.1782566920261545, 0.14267681304744384, 0.11817424770081987, 0.06589409804381015
десетилетия, 0.3812230749139493, 0.11808290566571192, 0.0795232105635742, 0, 0.03313794289384487, 0.3880328659629197
какъв, 0.337810766951484, 0.3662261768265014, 0.2959630562220147, 0, 0, 0
свят, 0.4731108188279462, 0, 0.15543834474508716, 0.10137354562981055, 0.03598465121183861, 0.23409263958531748
ни, 0.09940997570387447, 0.24870457005575553, 0.14218097527713172, 0.1398192870112374, 0.0248158838902631, 0.3450693080617379
предстои, 0.15168956863886468, 0.328898284020953, 0.19934759067850477, 0.2600204230556041, 0, 0.06004413360607347
живеем, 0.22594809107069938, 0.244954020562502, 0.1979578335654956, 0.1936557627396294, 0.13748429206167362, 0
ценности, 0.4650531043652565, 0.24008175031860537, 0.051738758223600786, 0.07592153722735351, 0.026949930769606466, 0.14025491909557739
изповядваме, 1.0, 0, 0, 0, 0, 0
ежедневието, 1.0, 0, 0, 0, 0, 0
сблъскваме, 1.0, 0, 0, 0, 0, 0
несигурност, 0.7739696764445371, 0, 0.22603032355546293, 0, 0, 0
неправди, 1.0, 0, 0, 0, 0, 0
бариери, 0.6217059941749944, 0, 0, 0, 0.3782940058250057, 0
остро, 0.6312810226422793, 0, 0.36871897735772086, 0, 0, 0
разочаровани, 1.0, 0, 0, 0, 0, 0
достига, 0.3029691418218986, 0, 0.08847919400138411, 0, 0.3686997113587749, 0.23985195281794236
самочувствието, 0.31563338065941, 0.6843666193405901, 0, 0, 0, 0
равноправни, 0.6217059941749944, 0, 0, 0, 0.3782940058250057, 0
участници, 0.2988878805535447, 0.21601949277245563, 0.1454788355074216, 0, 0.1818665007037404, 0.15774729046283775
международния, 0.4119480746242296, 0, 0.16040724321070926, 0.2353818472860799, 0.08355368872189338, 0.10870914615708802
причината, 0.7164167396619121, 0, 0, 0, 0, 0.28358326033808784
социалисти, 0.8218120281604521, 0.17818797183954782, 0, 0, 0, 0
представим, 0.7739696764445371, 0, 0.22603032355546293, 0, 0, 0
сега, 0.5147417990017725, 0.19242758693328613, 0.07775448661768296, 0, 0.0324009018123978, 0.1826752256348606
новата, 0.31458525472432725, 0.22736467946905844, 0.19905506162526582, 0.08987499025637982, 0.12761199805927181, 0.04150801586569693
програма, 0.07349300517928123, 0.09105710717677439, 0.12877750830792384, 0.06298944109940686, 0.5813447621036035, 0.06233817613301016
стремежът, 0.5641817912895657, 0, 0.08238190507352484, 0.24177468063185495, 0, 0.11166162300505464
дадем, 0.1941124847275815, 0, 0.22675466010856937, 0, 0.11811304718991165, 0.46101980797393743
своите, 0.4530966086148065, 0.245604721547975, 0.13232246193100908, 0, 0.03446237705293343, 0.13451383085327615
отговори, 0.5353979465714904, 0.10553339445205735, 0.05685737017520972, 0, 0.14808068869198576, 0.15413060010925678
днешния, 0.4798196599438836, 0.5201803400561165, 0, 0, 0, 0
утрешния, 1.0, 0, 0, 0, 0, 0
ден, 0.3584600565769299, 0.3886124093967506, 0.07327934352595969, 0.12289168780164669, 0, 0.05675650269871299
въз, 0.5934026260997008, 0, 0.03465949420450928, 0.20343759068640133, 0.16850028900938863, 0
основа, 0.528732875633808, 0, 0.09926440635672966, 0.12947622214740598, 0.1378808445118892, 0.10464565135016722
тях, 0.12504443640254143, 0.12513481699662565, 0.12640850525428576, 0.2802990893127618, 0.1755847045043541, 0.16752844752943138
обосновем, 1.0, 0, 0, 0, 0, 0
виждане, 1.0, 0, 0, 0, 0, 0
предложения, 0.19769829552149643, 0.2857706069676648, 0.21169817616628772, 0, 0.20049155296962798, 0.10434136837492314
промени, 0.11096241740374473, 0.32078979020453513, 0.0990167927574136, 0.29587834450823436, 0.10502818030204213, 0.06832447482403002
наложителни, 0.7912078392114585, 0, 0, 0, 0, 0.20879216078854151
радва, 1.0, 0, 0, 0, 0, 0
пълноценен, 0.5699637724901297, 0, 0.08322619078737785, 0, 0.34681003672249233, 0
собствената, 0.12752680836921332, 0.27650779691489463, 0.07448593048271551, 0.21860154894393916, 0, 0.3028779152892375
част, 0.15821982006315632, 0.15833417942007463, 0.21681540194869453, 0.10431320339539714, 0.14070694703513104, 0.22161044813754646
европейското, 0.12206398844072607, 0.26466313207394937, 0.10694280528587886, 0.20923739317747664, 0.2970926810219692, 0
семейство, 0.3169839198191245, 0.3436474512593278, 0.09257207373773635, 0.1358404102417542, 0.048219382607696294, 0.06273676233436101
отворена, 0.2293162158034108, 0.49721091933144584, 0.13393914524575987, 0, 0.13953371961938354, 0
света, 0.22295175205024154, 0.06042641010747938, 0.13022178565101622, 0.19108765819984944, 0.15261872364331835, 0.24269367034809522
предлага, 0.30405413224987193, 0.3955560685305061, 0, 0.10423957930507305, 0.1480080382098737, 0.048142181704675144
своята, 0.30086461315257923, 0.16308612364785577, 0.16474610034869025, 0.06446631819871777, 0.06865098663206137, 0.2381858580200955
нова, 0.4269330256452708, 0.1481104239787536, 0.1595925014388293, 0.05854657347413667, 0.16625860429571937, 0.040558871167290345
наследник, 0.7739696764445371, 0, 0.22603032355546293, 0, 0, 0
продължител, 1.0, 0, 0, 0, 0, 0
над, 0.11147519665465269, 0.16113611159776567, 0.3002317316404932, 0.06369549788304282, 0.12812357975767136, 0.23533788246637435
100-годишната, 1.0, 0, 0, 0, 0, 0
история, 0.28752459777718503, 0.15585505923592866, 0.08396876498350594, 0, 0.13121415052145116, 0.34143742748192935
създадената, 0.6953810720856095, 0, 0.30461892791439044, 0, 0, 0
1891, 1.0, 0, 0, 0, 0, 0
българска, 0.08699923243011026, 0.1886345812316595, 0.07622184145090563, 0.049710245788986925, 0.2999766790180456, 0.29845742008029225
социалдемократическа, 1.0, 0, 0, 0, 0, 0
партия, 0.6407630930129132, 0.13231652339581407, 0.04455443695141382, 0.052303402088340605, 0.009283090917104213, 0.12077945363441403
съхраняваме, 1.0, 0, 0, 0, 0, 0
отстояваме, 1.0, 0, 0, 0, 0, 0
демократичните, 0.5556512731467508, 0, 0.12170441640910182, 0.23811900912411435, 0.08452530132003319, 0
традиции, 0.2123685751849659, 0.1534881635458182, 0.10336696475969824, 0.12134468058419198, 0.12922146443943827, 0.2802101514858873
историческото, 0.5965196460688528, 0, 0.10452465985038763, 0.20450620583024318, 0, 0.09444948825051633
наследство, 0.243745412070482, 0, 0.1779586979703808, 0.261136880295797, 0.14831355849474936, 0.1688454511685909
подчертаваме, 1.0, 0, 0, 0, 0, 0
значение, 0.2566098514153848, 0.13909746818900218, 0.09992055159815658, 0.32990305162702177, 0.03903531956246572, 0.13543375760796894
революционните, 1.0, 0, 0, 0, 0, 0
борби, 0.5384795421179174, 0, 0, 0.46152045788208257, 0, 0
поколения, 0.37343115385682063, 0.4048428207871, 0, 0, 0, 0.2217260253560795
социалдемократи, 1.0, 0, 0, 0, 0, 0
комунисти, 0.3326456645725782, 0, 0.0971459341121226, 0.5702084013152992, 0, 0
свобода, 0.41922095931600056, 0, 0.05564973077893015, 0.13065680745611688, 0.09275870969197167, 0.30171379275698074
човешки, 0.24363547010044886, 0.1760861316123163, 0.18973699121087995, 0, 0.19766221506391518, 0.19287919201243975
права, 0.3022669148118061, 0.2698644162586742, 0.05711854527592725, 0.09143546773188975, 0.05409487248837396, 0.22521978343332877
оценяваме, 0.24577571006773166, 0.5328989331346629, 0.07177640799040266, 0, 0.14954894880720287, 0
достойнство, 0.6807598035070609, 0.1845057089398198, 0, 0, 0, 0.13473448755311926
съграденото, 1.0, 0, 0, 0, 0, 0
страната, 0.1724981024947687, 0.24669142253233786, 0.1929308733844394, 0.12582536650471393, 0.1429258696365036, 0.11912836544723651
социализма, 0.38709540695949474, 0, 0, 0, 0, 0.6129045930405052
втората, 0.17729555783102138, 0.5766270409205345, 0.05177744493244857, 0, 0.05394016417348358, 0.14035979214251196
половина, 0.6952343280042111, 0, 0, 0, 0.08460686607237064, 0.22015880592341827
миналия, 0.4359461075203521, 0, 0.08487588315537925, 0.24909401554775717, 0, 0.23008399377651148
век, 0.5555184970841477, 0.1094993976977595, 0.08849115231992778, 0.0865680397161677, 0, 0.1599229131819973
същевременно, 0.7880167164733262, 0, 0.10228116671317863, 0.07504377446316017, 0, 0.034658342350335
отхвърляме, 1.0, 0, 0, 0, 0, 0
осъждаме, 1.0, 0, 0, 0, 0, 0
миналото, 0.5804692184205945, 0.41953078157940543, 0, 0, 0, 0
всичко, 0.3574841645186764, 0.3263616243007896, 0.07143142614435449, 0.12900749523886118, 0.011448474281534374, 0.10426681551578384
