word, BSP, DPS, GERB, ITN, PP-DB, Vuzrazhdane
въведение, 0.5535039777163476, 0, 0, 0, 0, 0.44649602228365237
днес, 0.21917871271401881, 0.4786591335788847, 0.054300768475797984, 0.03574012116551394, 0.04373528718304687, 0.16838597688273782
всеки, 0.3403991850269552, 0.18780369234341374, 0.0983881750698087, 0.13321631065563722, 0.09897471368896127, 0.1412179232152238
български, 0.185529274399435, 0.18855693250321914, 0.11853934661835804, 0.033437653146205275, 0.24550650340057997, 0.22843028993220243
гражданин, 0.5014826443743174, 0, 0.02898947140855456, 0.08586236666383058, 0.060040011725887986, 0.32362550582740934
е, 0.23195533565729834, 0.21956234413588935, 0.14372793089088348, 0.1401695385843733, 0.06035169152956073, 0.2042331592019948
изправен, 0.19508662800512733, 0.4708918505544706, 0, 0.33402152144040215, 0, 0
пред, 0.2238262206518461, 0.2818759636206536, 0.1068860716364418, 0.09997267750034995, 0.09903459102085346, 0.18840447556985507
множество, 0.290474483897453, 0, 0.05597203838340922, 0.49734177090032433, 0, 0.1562117068188133
въпроси, 0.2677431782893458, 0, 0.1547757095669495, 0.26195537462947166, 0.06869047105056464, 0.24683526646366838
какви, 0.11671117267800579, 0.37561665566870855, 0.11244640405682327, 0.19982939817882542, 0.06986622822084322, 0.12553014119679373
шансове, 0.5967659462258557, 0.3601120994807461, 0.04312195429339827, 0, 0, 0
имаме, 0.2629169155761492, 0.12692354589723343, 0.14438647813242136, 0.27009511328738023, 0.04721659324966679, 0.148461353857149
за, 0.15245647321972364, 0.14153576391548345, 0.18460121167426036, 0.18272200694281382, 0.2209999145820679, 0.11768462966565087
достоен, 0.9500715572581949, 0, 0.049928442741805135, 0, 0, 0
живот, 0.30863376376634244, 0.06208059365286371, 0.12885422747067446, 0.14678709714651866, 0.23607697487887502, 0.11756734308472558
какво, 0.34066762782978527, 0.14950711088815105, 0.14322293111623877, 0.026512771768197368, 0.027808931718840864, 0.31228062667878675
постигнахме, 0.5805198152296743, 0, 0.4194801847703257, 0, 0, 0
в, 0.17635865811245877, 0.1761724459696642, 0.16777150629200505, 0.17859922582728133, 0.15226471905721004, 0.14883344474138072
резултат, 0.24086772983828955, 0.2180236266105565, 0.16534711702977767, 0.10310164054961096, 0.054071043707014606, 0.21858884226475084
на, 0.14087620582170468, 0.14594399643516034, 0.1697578939913949, 0.20463974223232165, 0.20585851585099096, 0.13292364566842757
промените, 0.30744367447452614, 0.2782854512408666, 0.06664709420333138, 0.13159897856057814, 0.09202173807795082, 0.12400306344274684
през, 0.2410437786788372, 0.11934795423028405, 0.26617789230690836, 0.11640481706798601, 0.09249669046556452, 0.16452886725041987
последните, 0.1755453538658109, 0.18832175539060983, 0.29879759207351464, 0.0667918962515814, 0.08173343203105445, 0.1888099703874288
две, 0.19739246050629533, 0.3403268367925347, 0.1793120992530945, 0.09656271407423077, 0.11816406585901384, 0.06824182351483093
десетилетия, 0.373979237546282, 0.12895646633489424, 0.07721005285784324, 0, 0.03198190414450526, 0.3878723391164753
като, 0.24489135016813207, 0.18219093971363345, 0.13041491523969742, 0.16082574228419524, 0.10442603649200598, 0.17725101610233585
общество, 0.5000906228195872, 0.14485171099575148, 0.06359980458746595, 0.10274883464870994, 0.0838226927150767, 0.10488633423340862
и, 0.15505957026890044, 0.14105711364902515, 0.16330788063053872, 0.17915475525089214, 0.19977783201324772, 0.16164284818739583
държава, 0.36045305167960806, 0.17400926581083337, 0.0312553491721419, 0.10285949884675011, 0.050347783665687575, 0.281075050824979
какъв, 0.3253099164223802, 0.3926096578588378, 0.28208042571878195, 0, 0, 0
свят, 0.47210194043339065, 0, 0.15351213137536884, 0.10103986241331642, 0.03532650426367239, 0.23801956151425166
ни, 0.10290015571141917, 0.2483760432007664, 0.14260916106981297, 0.14456007035893573, 0.025271223752273635, 0.33628334590679204
предстои, 0.14641431669821403, 0.35340868435061723, 0.19043661459707395, 0.250686237823071, 0, 0.05905414653102385
да, 0.2030628966954648, 0.23156439237386425, 0.12951702824481245, 0.1088205550737504, 0.08422953318260334, 0.24280559442950478
живеем, 0.22081382744403044, 0.2664955381524207, 0.19147051874413937, 0.18903543352032046, 0.13218468213908902, 0
ценности, 0.4520401139603041, 0.25978935854128166, 0.04977394477367119, 0.07371139397873036, 0.025771668839165675, 0.1389135199068471
ще, 0.19044809722755887, 0.17332783454044148, 0.3167439388204714, 0.09889298344060858, 0.06821730103120348, 0.15236984493971617
изповядваме, 1.0, 0, 0, 0, 0, 0
както, 0.2340588765454991, 0.1883204718543697, 0.13208213238223698, 0.20991595749461833, 0.10675314281028558, 0.12886941891299025
защо, 0.5051122988526315, 0.11083806371126906, 0.08627063769147462, 0.11793248905482091, 0.06872110468603126, 0.11112540600377253
ежедневието, 1.0, 0, 0, 0, 0, 0
си, 0.2949077901450701, 0.23985776552944885, 0.10840234392496739, 0.08781432104082605, 0.0518104121477824, 0.2172073672119052
се, 0.22666148007429654, 0.17208672001229333, 0.12305688661440208, 0.12667399060043147, 0.06884918367223307, 0.28267173902634346
сблъскваме, 1.0, 0, 0, 0, 0, 0
с, 0.14835022418441215, 0.1570829203941751, 0.19032522989204625, 0.16893452163216965, 0.19813826337452223, 0.13716884052267467
толкова, 0.23617154370237786, 0.11401217643619925, 0.13652492843927636, 0.1617463567955531, 0.0848269172160688, 0.26671807741052456
несигурност, 0.775772540375567, 0, 0.22422745962443308, 0, 0, 0
неправди, 1.0, 0, 0, 0, 0, 0
бариери, 0.625537563047518, 0, 0, 0, 0.37446243695248216, 0
сме, 0.41534244981818885, 0.1961483549616788, 0.10961050344610826, 0.07729749867805275, 0.048645857511290566, 0.15295533558468083
така, 0.2372998558919653, 0.2012485569572711, 0.09454102795065424, 0.13177224472125973, 0.10750004528430651, 0.22763826919454322
остро, 0.775772540375567, 0, 0.22422745962443308, 0, 0, 0
разочаровани, 1.0, 0, 0, 0, 0, 0
от, 0.13982151880805413, 0.2175262467451646, 0.16197045582010533, 0.1514942021572748, 0.12783967940764496, 0.20134789706175618
държавата, 0.2179709402291939, 0.20800450236713128, 0.08497917863977132, 0.11282892282566923, 0.09406903768170533, 0.28214741825652895
не, 0.23911766049528402, 0.27815522615690497, 0.08660067826620743, 0.12578263507147483, 0.06467250659086501, 0.20567129341926368
достига, 0.303678202648914, 0, 0.08777442920358407, 0, 0.3635787410087915, 0.24496862713871034
самочувствието, 1.0, 0, 0, 0, 0, 0
равноправни, 0.625537563047518, 0, 0, 0, 0.37446243695248216, 0
участници, 0.2921651692781624, 0.23507197569232022, 0.14074454879577072, 0, 0.1748973806585367, 0.15712092557521
международния, 0.4124495101214372, 0, 0.15895124075604106, 0.23539459418081377, 0.08230086558271082, 0.11090378935899721
причината, 0.7125877830451378, 0, 0, 0, 0, 0.28741221695486224
ние, 0.35433884725711357, 0.19737418178047875, 0.04096690482405992, 0.16800602791594205, 0.03263324614737503, 0.20668079207503065
българските, 0.1478036244902289, 0.18687540495462057, 0.10578486267241385, 0.13255784106102964, 0.2907165429248059, 0.13626172389690117
социалисти, 0.805557852948474, 0.19444214705152593, 0, 0, 0, 0
представим, 0.775772540375567, 0, 0.22422745962443308, 0, 0, 0
сега, 0.5404412199953328, 0.17993022845132442, 0.08079716460304846, 0, 0.03346775552971291, 0.1653636314205815
новата, 0.30771839697618614, 0.24758588339870416, 0.19270809439484687, 0.08781104765629716, 0.12280528794619142, 0.041371289627774324
програма, 0.07344291392919125, 0.1012990851554876, 0.12736659647519358, 0.0628733863014953, 0.5715419568200321, 0.0634760613186002
една, 0.23261615831151908, 0.1786524228734679, 0.14058190480705982, 0.19913923344042048, 0.0443067713152498, 0.2047035092522829
стремежът, 0.5636250003561196, 0, 0.0814544182947554, 0.24125549001729926, 0, 0.11366509133182556
дадем, 0.19324452664410421, 0, 0.22341976309064143, 0, 0.11568100886274547, 0.4676547014025087
своите, 0.5128145882851244, 0.15472627015635618, 0.13895879559360205, 0, 0.038372955474187134, 0.15512739049073027
отговори, 0.5291076464233717, 0.11610342325381248, 0.0556116444637891, 0, 0.1439713982123748, 0.15520588764665197
тези, 0.2029499695815732, 0.2965015050573978, 0.1265824916053597, 0.1463094319938163, 0.06394259465638197, 0.16371400710547113
други, 0.0701486595698661, 0.05644062239861574, 0.192618224635866, 0.24021289655911907, 0.25195645694089236, 0.18862313989564072
днешния, 0.4531286345661782, 0.5468713654338219, 0, 0, 0, 0
утрешния, 1.0, 0, 0, 0, 0, 0
ден, 0.3432918176152349, 0.41431163409313004, 0.06945697832449325, 0.11755480771841326, 0, 0.0553847622487286
българия, 0.1338730444813943, 0.22667825854394294, 0.15246728182460442, 0.1300016551377792, 0.19257463297046992, 0.16440512704180918
въз, 0.5953798803987644, 0, 0.034417438397260997, 0.20387834422005915, 0.16632433698391555, 0
основа, 0.5294851268753097, 0, 0.0983835824992361, 0.12950981203101147, 0.1358413051331896, 0.10678017346125313
тях, 0.1263510996602469, 0.117300361436282, 0.12641615620728136, 0.2828990849968865, 0.17454676088108098, 0.17248653681822232
обосновем, 1.0, 0, 0, 0, 0, 0
своето, 0.1499100852215986, 0.3618466225420722, 0.06499448452709115, 0, 0, 0.4232488077092382
виждане, 1.0, 0, 0, 0, 0, 0
предложения, 0.24207275218832378, 0.19476832320148843, 0.25654983038080353, 0, 0.24151801069205106, 0.06509108353733312
онези, 0.5689997905932974, 0, 0.1644623532431334, 0, 0.11353917057247007, 0.15299868559109903
промени, 0.1106287330611782, 0.3263711687993531, 0.09592760178299854, 0.2946459071027366, 0.10301686527402305, 0.06940972397971061
които, 0.20838943202964294, 0.15144134079229138, 0.1411898996740949, 0.1841539028578678, 0.09791978877901066, 0.2169056358670921
са, 0.20073107023968867, 0.2655521296952492, 0.15676242545586447, 0.1288821628257477, 0.06123673060211453, 0.1868354811813355
наложителни, 0.7880900159240453, 0, 0, 0, 0, 0.21190998407595468
може, 0.24407143310483018, 0.14220362439305356, 0.119198125811168, 0.14410063711528767, 0.08564908744695955, 0.264777092128701
радва, 1.0, 0, 0, 0, 0, 0
пълноценен, 0.5736761236008813, 0, 0.08290699473581754, 0, 0.3434168816633013, 0
собствената, 0.12309179298836692, 0.29711376315775223, 0.07115632123054043, 0.21075410647684542, 0, 0.2978840161464951
страна, 0.11240086992320165, 0.1695677908043167, 0.16244040753398153, 0.16839324776395015, 0.09251821307133502, 0.29467947090321495
част, 0.1554986373143841, 0.17323201531801471, 0.21089557321435407, 0.10240005436948516, 0.1360478558595816, 0.22192586392418026
европейското, 0.1192244552961981, 0.2877789470239854, 0.10338106343605995, 0.20413256591780676, 0.2854829683259499, 0
семейство, 0.30531710590735467, 0.3684807576941431, 0.08824813392382648, 0.1306887166995816, 0.04569261475056384, 0.06157267102453029
отворена, 0.21784318738693267, 0.5258206709924833, 0.12592975894870867, 0, 0.13040638267187543, 0
към, 0.1405370789026043, 0.16961122818276322, 0.200759033245037, 0.18046755456992664, 0.14075430827093796, 0.16787079682873085
света, 0.23165098484166646, 0.06989366855271534, 0.13391170516398665, 0.19831296278786298, 0.1560060851807255, 0.2102245934730432
бсп, 0.9727994989487019, 0.021944881134049764, 0.005255619917248281, 0, 0, 0
предлага, 0.29146675368536057, 0.42211807263713513, 0, 0.09980814114304165, 0.13958343328758094, 0.04702359924688177
своята, 0.2949363205842442, 0.17797620372011244, 0.1598394305522682, 0.06312264936925496, 0.06620859793797766, 0.23791679783614272
нова, 0.4213961985608444, 0.1627437310581594, 0.15590318108936005, 0.05772016290887786, 0.16144531731520687, 0.040791409067551236
наследник, 0.775772540375567, 0, 0.22422745962443308, 0, 0, 0
продължител, 1.0, 0, 0, 0, 0, 0
над, 0.11563695729533582, 0.15506644227774044, 0.30452460762665706, 0.06599671951804528, 0.1307548880275756, 0.22802038525464582
100-годишната, 1.0, 0, 0, 0, 0, 0
история, 0.2815748577637508, 0.16991337027786912, 0.08138573069357562, 0, 0.1264183164026312, 0.34070772486217327
създадената, 0.6975658330434948, 0, 0.3024341669565052, 0, 0, 0
1891, 1.0, 0, 0, 0, 0, 0
г, 0.13156184127637668, 0.19053504446042807, 0.3536448069936718, 0.10136532204281311, 0.12207212553976757, 0.10082085968694288
българска, 0.08718023780117573, 0.21043197029832045, 0.0755951090076529, 0.04975580330245124, 0.29573353965367427, 0.28130333993672546
социалдемократическа, 1.0, 0, 0, 0, 0, 0
партия, 0.6358143803889691, 0.14616208157763433, 0.035004625561356265, 0.05183916520106581, 0.009062247546465955, 0.12211749972450844
съхраняваме, 1.0, 0, 0, 0, 0, 0
отстояваме, 1.0, 0, 0, 0, 0, 0
демократичните, 0.5572654178800744, 0, 0.1208030084378577, 0.2385333180313258, 0.08339825565074194, 0
традиции, 0.20832827070059495, 0.1676179891913411, 0.10035785077872385, 0.11889782272627417, 0.12471051546862129, 0.28008755113444456
историческото, 0.5962350210533393, 0, 0.10340061589072555, 0.20417117349842379, 0, 0.09619318955751129
наследство, 0.24407130682460135, 0, 0.1763644826549327, 0.2611822696381767, 0.1461071912267793, 0.17227474965550982
подчертаваме, 1.0, 0, 0, 0, 0, 0
значение, 0.252500509415046, 0.1523687622265845, 0.09730953311409436, 0.3242428960215827, 0.03778828070158546, 0.1357900185211071
революционните, 1.0, 0, 0, 0, 0, 0
борби, 0.5387683923705722, 0, 0, 0.46123160762942783, 0, 0
поколения, 0.3556336163401018, 0.429206689946396, 0, 0, 0, 0.21515969371350213
социалдемократи, 1.0, 0, 0, 0, 0, 0
комунисти, 0.3331991775564109, 0, 0.09630710194544223, 0.5704937204981468, 0, 0
свобода, 0.4177625613197619, 0, 0.054885955597697884, 0.13005102377502747, 0.09093931713980591, 0.30636114216770677
човешки, 0.23922349761446327, 0.19247585314565474, 0.18438558335357524, 0, 0.1909402284473275, 0.19297483743897934
права, 0.2925380340787516, 0.2907536192072724, 0.05471173609468605, 0.08838969178915738, 0.0515060549581474, 0.22210086387198516
оценяваме, 0.23248134740641296, 0.5611536424563418, 0.06719585861310419, 0, 0.13916915152414114, 0
по, 0.1282444614354779, 0.20516756056998336, 0.2021470477794481, 0.15063959040870176, 0.15621872213257362, 0.15758261767381537
достойнство, 0.6651644371288911, 0.20069322275282636, 0, 0, 0, 0.13414234011828258
съграденото, 1.0, 0, 0, 0, 0, 0
страната, 0.1740421540010099, 0.25026971282228316, 0.1905157951070984, 0.1268041698032584, 0.14187028171141672, 0.11649788655493333
при, 0.09814541604754042, 0.07896641790820244, 0.16831513182190813, 0.17924443939363716, 0.2193419265855539, 0.25598666824315797
социализма, 0.3826515726206453, 0, 0, 0, 0, 0.6173484273793546
втората, 0.16623284203474953, 0.6018687037325916, 0.04804754736170023, 0, 0.04975556929515738, 0.1340953375758012
половина, 0.6932919889238738, 0, 0, 0, 0.08300438631607676, 0.22370362476004949
миналия, 0.43455657491328975, 0, 0.08373546951337839, 0.24801161376140413, 0, 0.23369634181192775
век, 0.5476222036325961, 0.12016611916559952, 0.08633641422899901, 0.08523840432154438, 0, 0.16063685865126123
същевременно, 0.7883967937929254, 0, 0.101278375094989, 0.07499275215274184, 0, 0.03533207895934364
отхвърляме, 1.0, 0, 0, 0, 0, 0
осъждаме, 1.0, 0, 0, 0, 0, 0
миналото, 0.5541437511852836, 0.44585624881471647, 0, 0, 0, 0
всичко, 0.4038521923539208, 0.30783200180181597, 0.06143604325284518, 0.1455713075359939, 0.012724001432480427, 0.06858445362294369
противоречащо, 1.0, 0, 0, 0, 0, 0
социалистическите, 0.7880900159240453, 0, 0, 0, 0, 0.21190998407595468
идеи, 0.4744688833418574, 0.14315661508427963, 0.11999694303396717, 0, 0.07100723633954593, 0.19137032220035002
демокрацията, 0.4079686885544235, 0.49236878172045667, 0.05895915225136976, 0, 0.0407033774737502, 0
хуманизма, 1.0, 0, 0, 0, 0, 0
най-ценното, 1.0, 0, 0, 0, 0, 0
дългогодишната, 1.0, 0, 0, 0, 0, 0
партията, 0.602188002186348, 0.22362091188439495, 0.01338884580000414, 0.039655707104276704, 0.027729600429731882, 0.09341693259524428
отстояването, 0.6119475247008246, 0, 0.058958621565670596, 0, 0, 0.32909385373350486
интересите, 0.4637381737976421, 0, 0.08935852304609711, 0.1984996767151705, 0.09253509137652831, 0.15586853506456202
широките, 1.0, 0, 0, 0, 0, 0
народни, 0.2205646382291834, 0.3992921954390222, 0.04781361089021883, 0.18882210633967034, 0.09902663343004778, 0.04448081567185753
маси, 1.0, 0, 0, 0, 0, 0
принципите, 0.32659358569092894, 0.112616826042736, 0.13485405328742894, 0.07988340322791906, 0.19550709216415907, 0.15054503958682788
социална, 0.5998460622724306, 0.038102185572313964, 0.08212646208707432, 0.08108199354108372, 0.1606423328907761, 0.038200963636321486
справедливост, 0.6463516835389973, 0, 0.040032848864738874, 0, 0.2763730644809605, 0.037242403115303205
солидарност, 0.634951082255178, 0, 0.20974258119663666, 0.15530633654818524, 0, 0
равенство, 0.9453515641142195, 0, 0.0546484358857804, 0, 0, 0
републиканизъм, 1.0, 0, 0, 0, 0, 0
патриотизъм, 0.2040797427628431, 0.4925990505497373, 0.05898672600394778, 0, 0.24433448068347183, 0
интернационализъм, 0.4531286345661782, 0.5468713654338219, 0, 0, 0, 0
програмата, 0.08689652122539061, 0.12584828833730594, 0.27125674093527535, 0.4463449164771095, 0.04161474548991207, 0.02803878753500633
нови, 0.11024106537631165, 0.08187545244028074, 0.2941275388668128, 0.14519344070470566, 0.23859029420797648, 0.1299722084039127
времена, 0.5355862512986347, 0, 0.4644137487013652, 0, 0, 0
бсп”, 1.0, 0, 0, 0, 0, 0
1994, 1.0, 0, 0, 0, 0, 0
бе, 0.24604640728636734, 0.29694820509766406, 0.07111667142643599, 0.18054571700595035, 0.02104136225465903, 0.1843016369289233
синтез, 0.7880900159240453, 0, 0, 0, 0, 0.21190998407595468
нашите, 0.24971573140114958, 0.0669725855035481, 0.20851203876274393, 0.09501241050721843, 0.0664382600038593, 0.31334897382148064
виждания, 0.4771653969106476, 0, 0.13791875736947468, 0, 0, 0.38491584571987775
онзи, 0.775772540375567, 0, 0.22422745962443308, 0, 0, 0
етап, 0.5343777895691999, 0.12898585043913643, 0.15445529198134963, 0, 0.09596757468591666, 0.08621349332439728
извеждане, 0.10298210385371573, 0, 0.02976570364648277, 0.3526457898431415, 0.43153364873211675, 0.08307275392454332
кризата, 0.15657055941672504, 0.1889616967087888, 0.5204300166249926, 0.13403772724949364, 0, 0
модернизация, 0.28383322689579765, 0.05709205308282172, 0.23927891272919244, 0.20248783675514453, 0.19822795005194965, 0.019080020485093985
икономиката, 0.31568027007129773, 0.19049392067187398, 0.1733626089124147, 0.10809967364360881, 0.0850383487664054, 0.12732517793439932
прага, 0.3921852249431968, 0, 0.05667814476178609, 0, 0.23477188860332435, 0.3163647416916928
ххі, 1.0, 0, 0, 0, 0, 0
демократизация, 1.0, 0, 0, 0, 0, 0
съвременната, 0.843187331710809, 0, 0.08123762380378848, 0, 0, 0.07557504448540267
обществена, 0.2870549962844242, 0.17322030191598595, 0.041484848482905075, 0.12287175648126986, 0.0859191516208642, 0.2894489452145507
уредба, 0.056247994461458825, 0, 0.11380451067099312, 0.48153071484463805, 0.30304311190205585, 0.04537366812085427
тя, 0.2685783980205607, 0.20258849260341963, 0.12129572612264028, 0.14370373249405863, 0.020097218651746466, 0.2437364321075743
остава, 0.3945363796607079, 0.15871920406952844, 0.2280717234407737, 0.1125855755683352, 0, 0.10608711726065471
израз, 0.8455814176345633, 0, 0.04073414205707653, 0, 0, 0.11368444030836018
волята, 0.3768126167048746, 0, 0.05445651360466117, 0, 0.11278473033523513, 0.4559461393552292
българската, 0.165864632106118, 0.060053554940680196, 0.10067635375370583, 0.1277948201836873, 0.27801401295912925, 0.26759662605667944
социалистическа, 0.8321766511472964, 0, 0, 0, 0, 0.16782334885270347
работи, 0.17942111594930965, 0.38495920017962765, 0.06914593980140597, 0.10239983256113296, 0.11933996593584195, 0.14473394557268177
обновлението, 1.0, 0, 0, 0, 0, 0
реализирането, 0.5647270286741393, 0, 0.43527297132586074, 0, 0, 0
земя, 0.16495086299142708, 0.1990757078505365, 0.0715155107581915, 0, 0.0987437138583038, 0.465714204541541
преобразува, 1.0, 0, 0, 0, 0, 0
съвременна, 0.3274299816301297, 0, 0.37855834881835476, 0, 0.29401166955151564, 0
демократичния, 0.8202490776821173, 0, 0.0474165705475744, 0, 0, 0.1323343517703082
социализъм, 1.0, 0, 0, 0, 0, 0
навлиза, 1.0, 0, 0, 0, 0, 0
качествено, 0.2665794851435816, 0, 0.12108093433837167, 0.06520420925893052, 0.5471353712591162, 0
нов, 0.14832691657486344, 0.3580252370302915, 0.14290687010484418, 0.16930728962655958, 0.12825540517392495, 0.05317828148951642
след, 0.163722853692092, 0.25687174421927145, 0.18218995513821806, 0.09811249000201014, 0.12741117579506217, 0.17169178115334607
преход, 0.2596003408184959, 0.37596739297594495, 0.24010965858085348, 0, 0.12432260762470562, 0
разкрил, 1.0, 0, 0, 0, 0, 0
хоризонти, 1.0, 0, 0, 0, 0, 0
развитие, 0.23578386233505771, 0.0599079066626738, 0.16768587653427827, 0.1487323583360977, 0.29529253967561664, 0.09259745645627596
но, 0.2534474145874067, 0.253656854279934, 0.11792403683835602, 0.052920137101422786, 0.07771022543024408, 0.24434133176263634
породил, 0.5535039777163476, 0, 0, 0, 0, 0.44649602228365237
тежки, 0.5390061813279544, 0, 0.09347584283083005, 0, 0.19359755204070936, 0.17392042380050612
проблеми, 0.17755566679174042, 0.42857635793365684, 0.19794961224048666, 0.04342936158932832, 0.09110508411490738, 0.06138391732988022
предизвикателства, 0.4585233575136649, 0, 0.27978662464009146, 0.2616900178462436, 0, 0
затова, 0.32376022436734336, 0.19536968364672083, 0.19651566742047807, 0.1385831564045278, 0.10659603414993889, 0.039175234010990954
възхода, 1.0, 0, 0, 0, 0, 0
следващите, 0.25378877573032194, 0.4083897410965002, 0.17931101780375264, 0, 0.06752191611407082, 0.09098854925535446
едно-две, 1.0, 0, 0, 0, 0, 0
жизнено, 0.8814880782350074, 0, 0, 0, 0, 0.11851192176499252
необходима, 0.24281231419936095, 0.0976816821838976, 0.0935758624163974, 0.20786801084901596, 0.09690235115985361, 0.2611597791914743
стратегическа, 0.2702387743709471, 0.1630727306329817, 0.09763646996302967, 0.11567369774467694, 0.0808858460209765, 0.272492481267388
перспектива, 0.8014448168485852, 0, 0.19855518315141488, 0, 0, 0
осъществяване, 0.16235914945129226, 0.07837912943736922, 0.1689404559205466, 0.3891811086369842, 0.17494604871362554, 0.026194107840182182
реформите, 0.32524155955140804, 0, 0.18801410172934208, 0, 0.4867443387192498, 0
завършващия, 1.0, 0, 0, 0, 0, 0
прехода, 0.36255890369877214, 0.2917097818603057, 0.1397242236343113, 0, 0.10851841570987268, 0.09748867509673809
едновременно, 0.4465911743044454, 0, 0.1290816564047232, 0.2184686069661702, 0, 0.20585856232466118
това, 0.3436875886501895, 0.21578633156429478, 0.11426815518552284, 0.10204364150038345, 0.051137685387742854, 0.17307659771186654
по-нататъшната, 0.775772540375567, 0, 0.22422745962443308, 0, 0, 0
следпреходния, 1.0, 0, 0, 0, 0, 0
период, 0.21368600405624696, 0.20631449508675015, 0.1976425505285652, 0.07317336397193931, 0.10233423096986657, 0.20684935538663193
задължителното, 0.6975658330434948, 0, 0.3024341669565052, 0, 0, 0
единство, 0.5657614484821828, 0.22760184212553247, 0.05450878350037341, 0, 0, 0.15212792589191138
стратегия, 0.24200902991126602, 0.19471705315584753, 0.13057280585478168, 0.19336830904271105, 0.13521448328805652, 0.10411831874733721
приоритети, 0.17990807550442564, 0.4342545025779309, 0.1144004498752259, 0.18481995320916694, 0.04307899020650871, 0.043538028626742
политика, 0.2656497895355871, 0.14716392050315272, 0.1686703837906323, 0.1491271041466068, 0.10427843337541823, 0.16511036864860282
възможно, 0.3005741380081694, 0.12091885668330017, 0.13031585655586753, 0.08577234970754243, 0.11995413316197696, 0.24246466588314355
само, 0.1759046838571372, 0.273929861395065, 0.10004604812809065, 0.17487799388980624, 0.05095207021280639, 0.22428934251709462
рамките, 0.1431319607197741, 0.1974204984759102, 0.19503246690155848, 0.2100568161886829, 0.12240339003280631, 0.13195486768126793
комплексен, 0.2405373552004888, 0, 0.3476217402286143, 0.4118409045708968, 0, 0
програмен, 0.5805198152296743, 0, 0.4194801847703257, 0, 0, 0
проект, 0.36285928679015095, 0.21896359939518606, 0.16605998376097178, 0.15531921931527762, 0.07240554941806526, 0.024392361320348215
който, 0.1700067787218733, 0.16980213981808007, 0.15249834959824707, 0.150558904924471, 0.10177031151972267, 0.255363515417606
ги, 0.3649033932549449, 0.24021501144550367, 0.05752953460368241, 0.05679788504966514, 0.03971641846001028, 0.2408377571861935
обединява, 0.3937719901246807, 0, 0.17072238656611133, 0, 0.1178608829718797, 0.31764474033732826
общо, 0.3116229715556192, 0, 0.2401887104303566, 0.17785052746251676, 0.18654530795975063, 0.08379248259175685
бъдещето, 0.18346266429156918, 0.4428344186339622, 0.13635672279882446, 0, 0.04706800341617131, 0.19027819085947284
модерна, 0.12083627510958021, 0, 0.12224180872416678, 0.3103384137858401, 0.39784589763310824, 0.04873760474730477
европейска, 0.21159880538997083, 0.2553741229321465, 0.09174002711385272, 0.06038219673148828, 0.29555945852170684, 0.08534538931083478
ето, 0.401400776182967, 0.40370175599168184, 0.009668327554191879, 0.05727220574563979, 0.020024045679981232, 0.10793288884553817
споделяме, 0.9121209100650403, 0, 0.08787908993495976, 0, 0, 0
разбирането, 0.6419904479057271, 0, 0.053016971468526866, 0.15702813547311495, 0, 0.14796444515263094
че, 0.2516220255893277, 0.2343336652643128, 0.09506210237433775, 0.11194528871709951, 0.09606934230716534, 0.2109675757477569
доверието, 0.17696077142646793, 0.1423801415549713, 0.2898404952503918, 0.20199131265105655, 0.14124419406675476, 0.04758308505035755
стратегическата, 0.5535039777163476, 0, 0, 0, 0, 0.44649602228365237
която, 0.2238548507266414, 0.1756076951426679, 0.10028883845521151, 0.14372910624266685, 0.11725447542039777, 0.23926503401241447
длъжни, 0.7125877830451378, 0, 0, 0, 0, 0.28741221695486224
начертаем, 1.0, 0, 0, 0, 0, 0
решаваща, 0.775772540375567, 0, 0.22422745962443308, 0, 0, 0
степен, 0.5163173997602605, 0, 0.14923515964110856, 0.08036575395788781, 0.14049114290323902, 0.11359054373750409
зависи, 0.1238629680459681, 0.19931679526082888, 0.10740317768805295, 0.35345748245193925, 0.04943164791649482, 0.16652792863671614
способността, 0.8963665349963142, 0, 0.10363346500368562, 0, 0, 0
отстоим, 1.0, 0, 0, 0, 0, 0
именно, 0.2141989493781708, 0.4431637400892457, 0.12382311508483618, 0.052392152797409615, 0.018317835802364853, 0.14810420684797285
цялостна, 0.3267107640687461, 0, 0.11017032397266624, 0.279692225964177, 0.1955772380730662, 0.0878494479213445
позициите, 0.5443977231750622, 0, 0.23602714482605988, 0, 0, 0.21957513199887804
обновяващия, 1.0, 0, 0, 0, 0, 0
і, 0.3331991775564109, 0, 0.09630710194544223, 0.5704937204981468, 0, 0
нашата, 0.2807407897893499, 0.3162321134540268, 0.09737358439155008, 0.06409013725147385, 0, 0.24156337511359938
същност, 0.4531286345661782, 0.5468713654338219, 0, 0, 0, 0
цели, 0.08715274874446947, 0.23666132067302745, 0.09446409111489464, 0.2797881449290282, 0.11738658614947993, 0.18454710838910038
следва, 0.4374672399355869, 0.03641172134421033, 0.06104217048353074, 0.15496932317689643, 0.018060609364756845, 0.2920489356950189
отново, 0.0886353973068934, 0.49920353644063825, 0.08539655176634371, 0, 0.08843227765596096, 0.23833223683016364
докаже, 0.5297556728228848, 0, 0.15311932629273167, 0, 0.31712500088438356, 0
социалистическия, 1.0, 0, 0, 0, 0, 0
идеал, 0.481797141912494, 0, 0, 0, 0, 0.518202858087506
носител, 0.6704728118252463, 0, 0.15503350017523815, 0, 0.12040854036165664, 0.05408514763785889
историческия, 1.0, 0, 0, 0, 0, 0
възникнали, 1.0, 0, 0, 0, 0, 0
вековните, 1.0, 0, 0, 0, 0, 0
народите, 0.9121209100650403, 0, 0.08787908993495976, 0, 0, 0
общочовешки, 1.0, 0, 0, 0, 0, 0
демокрация, 0.2797446182952357, 0.33761786325056425, 0.030321270977950072, 0.23948520709293142, 0, 0.11283104038331859
посветила, 1.0, 0, 0, 0, 0, 0
преодоляване, 0.2435748140393113, 0.13065124065854913, 0.22685181676642588, 0.13901385041424685, 0.1944133042968667, 0.06549497382460018
капитализма, 1.0, 0, 0, 0, 0, 0
означава, 0.6658308609531858, 0.08035771838300512, 0.08660257952474291, 0, 0.059787451989935736, 0.10742138914913045
борим, 0.6465042857349068, 0, 0.02076267434960407, 0, 0.043001515751789905, 0.2897315241636992
пазарна, 0.5579907680472884, 0, 0.16128033141332662, 0, 0.0556712058937012, 0.22505769464568384
икономика, 0.2550988069681128, 0.09722316467881226, 0.18239254283177384, 0.04597606201513019, 0.2893424754963396, 0.12996694800983122
против, 0.2714620212891742, 0.3276217721000249, 0.03923137018275826, 0.11619729949137475, 0.08125197912716625, 0.1642355578095016
подчинено, 0.3826515726206453, 0, 0, 0, 0, 0.6173484273793546
пазара, 0.18278391576411188, 0.25211204808531945, 0.3245359305415755, 0, 0.1563128935039262, 0.08425521210506712
пазарно, 0.6975658330434948, 0, 0.3024341669565052, 0, 0, 0
не!”, 1.0, 0, 0, 0, 0, 0
лява, 0.7880900159240453, 0, 0, 0, 0, 0.21190998407595468
народна, 0.8384396009666595, 0, 0.1615603990333406, 0, 0, 0
такава, 0.44536176314414117, 0, 0.12872631031168477, 0, 0.06665117372805186, 0.3592607528161222
носим, 1.0, 0, 0, 0, 0, 0
отговорността, 0.3538529051950865, 0.42705758732733495, 0.06392300407266269, 0.07573205232463623, 0.07943445108027962, 0
надеждата, 0.19508662800512733, 0.4708918505544706, 0, 0.33402152144040215, 0, 0
борбата, 0.1826332403374586, 0.11020809754449826, 0.2903333382644844, 0.07817480037830325, 0.19132544790147404, 0.14732507557378144
тази, 0.26412394860989996, 0.26155126759621955, 0.1585559655689718, 0.12755068846715217, 0.02432480066784566, 0.16389332908991092
отговорност, 0.13628087288799917, 0.5756607610671978, 0.06400923923004452, 0.08750102128491184, 0.08158114042429623, 0.054966965105550415
осигуряваме, 0.5770776799160973, 0, 0.25019575089156554, 0, 0.17272656919233723, 0
надеждна, 0.27260753476189414, 0, 0.10505844915924538, 0.6223340160788605, 0, 0
защита, 0.1686893364964619, 0.06429081867013649, 0.12317701063313523, 0.258422246853889, 0.2923153247461561, 0.09310526260022131
хората, 0.2566400932223704, 0.3097335005984562, 0.158954240025334, 0.13600833183516703, 0.05486827901815658, 0.08379555530051586
труда, 0.34115277296949825, 0.10979468436020402, 0.23665437682983226, 0.038940775331831545, 0.16337806876617694, 0.11007932174245692
бедните, 0.35907234286917245, 0.4333568162656183, 0.20757084086520922, 0, 0, 0
изоставените, 1.0, 0, 0, 0, 0, 0
работниците, 0.4468689140472769, 0, 0.04305397788095682, 0.5100771080717663, 0, 0
служителите, 0.10441286088105271, 0, 0.10059748757517446, 0.6554995133302082, 0.08333886808058222, 0.05615127013298245
работим, 0.3517127765763194, 0, 0.37758770698534816, 0, 0.2706995164383324, 0
формиране, 0.23674940216543994, 0.2857278462479206, 0.10264423059391868, 0.30401646304530733, 0.07086205794741335, 0
широка, 0.3699247713728889, 0, 0.053461090345461086, 0.3166870948971904, 0.11072311205622926, 0.14920393132823023
средна, 0.35074262778061, 0.2822025728652341, 0.20275563858233528, 0, 0.06998777099916942, 0.09431138977265124
класа, 0.8698252154814418, 0, 0, 0, 0.13017478451855818, 0
напредъка, 0.6717814729607438, 0, 0.19417012753741378, 0, 0.13404839950184252, 0
всички, 0.13106026158960823, 0.24385136411052472, 0.1673092866762853, 0.1495983209243416, 0.17162239472661017, 0.13655837197263015
патриотична, 1.0, 0, 0, 0, 0, 0
наша, 0.3234473642180966, 0.3903617829962757, 0.03116282029684086, 0.09229949262948031, 0.03227061421137095, 0.13045792564793568
първостепенна, 0.5535039777163476, 0, 0, 0, 0, 0.44649602228365237
задача, 0.4100507907843736, 0.21994738971801558, 0.13168901156124066, 0, 0.0545481474075744, 0.18376466052879573
суверенитета, 0.3480894976693204, 0, 0.03353698828033217, 0.19866282788976505, 0.1389167219522275, 0.2807939642083549
териториалната, 0.370535963249808, 0, 0.08032412860872913, 0.1586051635863952, 0.16635907414706091, 0.22417567040800668
цялост, 0.37826329380616014, 0, 0.04373293099457437, 0.259060463947064, 0.13586272336860536, 0.18308058788359607
съхраняването, 0.7849741220725639, 0, 0.05672176575689291, 0, 0, 0.1583041121705431
популяризирането, 0.32853527372078545, 0, 0.4747952910769824, 0, 0.1966694352022322, 0
българското, 0.17757580007948062, 0.2857499698746468, 0.10835507702684678, 0.1351288901074151, 0.11811257454502883, 0.1750776883665821
културно-историческо, 0.775772540375567, 0, 0.22422745962443308, 0, 0, 0
утвърждаването, 0.3300783848891976, 0.2655764143992141, 0.12720676722210292, 0.18838346404139106, 0, 0.0887549694480942
развитието, 0.15724928808926814, 0.12652055999242623, 0.22725481092007546, 0.14359336188944596, 0.12551114455877418, 0.21987083455001002
идентичност, 0.229900332345416, 0.13873092436962858, 0.11628723422128476, 0.29522138283480276, 0.034406022832121436, 0.18545410339674637
чужда, 0.5535039777163476, 0, 0, 0, 0, 0.44649602228365237
шовинизма, 1.0, 0, 0, 0, 0, 0
форми, 0.5287106482805635, 0.10634828320564722, 0.1528172748715039, 0, 0.10549980768185409, 0.10662398596043121
национално, 0.3392232442991066, 0, 0.1337022053782615, 0.3168043354819755, 0.1107641028089813, 0.09950611203167502
високомерие, 1.0, 0, 0, 0, 0, 0
ксенофобия, 1.0, 0, 0, 0, 0, 0
масова, 1.0, 0, 0, 0, 0, 0
единомишленици, 1.0, 0, 0, 0, 0, 0
социални, 0.21388261536586198, 0.11913710994909373, 0.099863279020508, 0.19718647409765036, 0.15758213558365955, 0.21234838598322647
слоеве, 0.5535039777163476, 0, 0, 0, 0, 0.4464960222836523
независимо, 0.21759985983809566, 0.22510000167763108, 0.06289454865534139, 0.21289600417609258, 0.05582602316262417, 0.2256835624902151
социално, 0.35206256574585326, 0, 0.1653589129362998, 0.2260466447427732, 0.07903254783373483, 0.17749932874133886
образователно, 0.3075163212951892, 0, 0.4444189496813679, 0, 0, 0.24806472902344295
имуществено, 1.0, 0, 0, 0, 0, 0
положение, 0.21840337077943395, 0.1317932044924151, 0.11047188872431632, 0.1869718774203772, 0, 0.35235965858345736
пол, 0.24884038694208943, 0, 0, 0, 0.1489620819133048, 0.6021975311446058
етнос, 0.23659192177944544, 0, 0, 0, 0, 0.7634080782205546
вяра, 0.775772540375567, 0, 0.22422745962443308, 0, 0, 0
парламентарна, 0.40396959895071827, 0, 0, 0.4611098205857608, 0.08060876991454241, 0.05431181054897857
развиваме, 0.8582480140552798, 0, 0.14175198594472016, 0, 0, 0
дейност, 0.15804325293244895, 0.03178984322759988, 0.22459553552701722, 0.2705969565299957, 0.1024926994435248, 0.21248171233941335
конституцията, 0.1330764309534794, 0.38545711191576604, 0.0692353741490391, 0.1822796052788264, 0.07966288130324989, 0.15028859639963932
република, 0.09084430487441318, 0.14618409360694412, 0.14441582620869334, 0.5184697218637613, 0.06344528625522906, 0.03664076719095898
превръщане, 0.2793855518988068, 0, 0.24225881671853786, 0.4783556313826553, 0, 0
нейните, 0.548913085738854, 0, 0.11899240469723801, 0, 0, 0.33209450956390807
принципи, 0.17124031736511242, 0.27555508975043075, 0.09898979236741791, 0.09773085923095468, 0.034169579538735305, 0.32231436174734907
норми, 0.6358561279903743, 0.13952751137813796, 0.050123550225015676, 0, 0.03460358073730429, 0.1398892296691678
ежедневие, 0.1721440752091713, 0, 0.09951223242540416, 0.5894799299807179, 0, 0.13886376238470668
гражданския, 0.3187953330648199, 0, 0.18428769762498529, 0.27291594320757906, 0.09541943151019244, 0.12858159459242327
икономическия, 0.2107277662829006, 0.38148432638431673, 0.12181650998647345, 0.18040090656982902, 0.06307345678124673, 0.042497033995233455
социалния, 0.4316144521514353, 0, 0.09980225605433748, 0.2955989704829979, 0.10335008423099892, 0.06963423708023042
реализираме, 0.518295988095887, 0, 0.2996140922647599, 0, 0.0775662367178809, 0.1045236829214723
чрез, 0.10391285521294279, 0.08957873372162968, 0.20166173048714636, 0.21180535680094023, 0.293251365738987, 0.09978995803835378
парламентарни, 0.1679974818305024, 0.5406736205113089, 0.016185864891066642, 0.09588009705053677, 0.13408999483398784, 0.04517294088259754
действия, 0.0930353353885106, 0.13473885431112223, 0.18285684991600806, 0.28672620089609097, 0.12252521516630142, 0.1801175443219668
нашето, 0.3217858035453045, 0, 0.2046180561146536, 0.11019041620351348, 0, 0.36340572413652833
участие, 0.15033565902848067, 0.12095795153181317, 0.15932643172469937, 0.17160016234469563, 0.2899828805777962, 0.10779691479251487
във, 0.13320677982829116, 0.1607644452650475, 0.13603959609544072, 0.2660848004087459, 0.13555954938203987, 0.16834482902043485
властта, 0.1830999932854415, 0.6187426261803923, 0.052922788852218516, 0.031349836202675646, 0.054804118682830534, 0.059080636796441585
равнища, 0.7430985847090296, 0, 0, 0, 0, 0.2569014152909704
активно, 0.25791205276833834, 0, 0.251593727139851, 0.11039733623007913, 0.3280842921296951, 0.052012591732036526
взаимодействие, 0.16682561681533578, 0.0805353234359044, 0.18323175001084108, 0.342760630477005, 0.19973197681184235, 0.026914702449071216
със, 0.16256644386924105, 0.12073723251827065, 0.2024090721067174, 0.17128703354186123, 0.11603102185505425, 0.22696919610885544
структурите, 0.07409492313000982, 0.05961573041706128, 0.0356937021266279, 0.7611787401721367, 0.029570049953938735, 0.039846854200225636
гражданското, 0.296784628594283, 0, 0.13725108298999106, 0.30488748776953073, 0.2131952455076026, 0.04788155513859272
европейската, 0.16061581498003233, 0.06461461003046817, 0.28628142676732604, 0.18333441382977309, 0.2403716141262451, 0.06478212026615524
световната, 0.8209564804708837, 0, 0.10546103056277836, 0, 0, 0.07358248896633807
левица, 1.0, 0, 0, 0, 0, 0
глобализация, 1.0, 0, 0, 0, 0, 0
прави, 0.2101076460073847, 0.42262412368528535, 0.06072901689598051, 0.1798700308249819, 0.041925231349801514, 0.08474395123656601
невъзможно, 0.18506909583373773, 0, 0.10698386718792588, 0, 0.11078699142041694, 0.5971600455579195
решаването, 0.2505114838081128, 0.6046740230316973, 0.1448144931601901, 0, 0, 0
ключови, 0.16753747585335635, 0.1347982908046683, 0.30668935901483124, 0, 0.30087637511298315, 0.09009849921416106
обществата, 1.0, 0, 0, 0, 0, 0
равнище, 0.5788800629100754, 0.11643968411204544, 0.013943176981438295, 0.1651902040663846, 0.08663302248567224, 0.03891384944438393
глобалните, 0.6975658330434948, 0, 0.3024341669565052, 0, 0, 0
изискват, 0.5336285167532931, 0, 0.35989035585857304, 0, 0.1064811273881338, 0
глобална, 0.9540410392081479, 0, 0.045958960791852105, 0, 0, 0
един, 0.21888369747381956, 0.3336835011959039, 0.10988240313611171, 0.09862267261029609, 0.03448138369597801, 0.20444634188789065
член, 0.2976762388471417, 0.205290946767272, 0.06145688270479838, 0.14562068614354315, 0.15273980982531882, 0.13721543571192577
интернационал, 1.0, 0, 0, 0, 0, 0
европейските, 0.2692954942529537, 0.27857745980728693, 0.07227678019424631, 0.03293426677281488, 0.20726616980739074, 0.13964982916530752
неотменима, 0.625537563047518, 0, 0, 0, 0.37446243695248216, 0
предпоставка, 0.5399560413161384, 0, 0.351152137503837, 0, 0, 0.10889182118002454
успеха, 0.5875544534679834, 0, 0.04245633727521707, 0.2514983144709715, 0, 0.1184908947858279
борба, 0.24002327073892027, 0.15800673217487443, 0.13244462946130242, 0.03736006404070101, 0.32655439895248617, 0.10561090463171553
просперитет, 0.28078472421965733, 0, 0.3246294094536564, 0, 0.16808476149390963, 0.2265011048327766
демократичният, 1.0, 0, 0, 0, 0, 0
нас, 0.32462143562390317, 0.2611858299629693, 0.12510374894913673, 0.10292725294705135, 0.05038094801922494, 0.13578078449771444
виждането, 0.775772540375567, 0, 0.22422745962443308, 0, 0, 0
едно, 0.28633030738950865, 0.14809971091362603, 0.14778613321822803, 0.1750879411270494, 0.06121588797736876, 0.18148001937421915
свободно, 0.660859807325831, 0, 0.09550667757125374, 0, 0.06593453603051387, 0.17769897907240131
справедливо, 0.2954746488626372, 0.11886736815127652, 0.1565727046151901, 0.08431715076987295, 0.26531777691752423, 0.07945035068349905
солидарно, 1.0, 0, 0, 0, 0, 0
чието, 0.2562141489237488, 0, 0.11108329711927331, 0.21934112223165564, 0, 0.41336143172532225
постоянна, 0.49856876305229536, 0, 0, 0.42681730285740077, 0.07461393409030384, 0
провежда, 0.6649960189808386, 0, 0, 0.2277172805569763, 0, 0.10728670046218503
последователна, 0.29027245769102195, 0, 0.12584949659758898, 0.4969958676391272, 0.08688217807226184, 0
активна, 0.2424970241440795, 0.19510968643488394, 0.058408971767235585, 0.27679746096264646, 0.09677652414916499, 0.13041033254198953
